03 LeNet-1 :

CONVOLUTION	[28 28 1]	[5 5 4]	[28 28 4]	[104 78400]
RELU		[28 28 4]	[28 28 4]	[0 6272]
AVERAGE POOLING	[28 28 4]	[14 14 4]	[0 6272]
CONVOLUTION	[14 14 4]	[5 5 8]	[14 14 8]	[808 156800]
RELU		[14 14 8]	[14 14 8]	[0 3136]
AVERAGE POOLING	[14 14 8]	[7 7 8]	[0 3136]
FC			[7 7 8]	[1 1 10]	[3930 7860]


GFLOPS = 0.000262
FLOPS = 261876
TRAINABLE PARAMETERS = 4842
accuracy afeter 1 epoch = 95.5%
accuracy afeter 5 epoch = 96.95%

===============================================================================

04 CNN :

CONVOLUTION	[28 28 1]	[3 3 16]	[28 28 16]	[160 112896]
RELU		[28 28 16]	[28 28 16]	[0 25088]
MAX POOLING	[28 28 16]	[14 14 16]	[0 25088]
CONVOLUTION	[14 14 16]	[3 3 32]	[14 14 32]	[4640 903168]
RELU		[14 14 32]	[14 14 32]	[0 12544]
CONVOLUTION	[14 14 32]	[3 3 32]	[14 14 32]	[9248 1806336]
RELU		[14 14 32]	[14 14 32]	[0 12544]
MAX POOLING	[14 14 32]	[7 7 32]	[0 12544]
CONVOLUTION	[7 7 32]	[3 3 64]	[7 7 64]	[18496 903168]
RELU		[7 7 64]	[7 7 64]	[0 6272]
DROPOUT		[7 7 64]	[7 7 64]	[0 6272]
FC			[7 7 64]	[1 1 10]	[31370 62740]


GFLOPS = 0.003889
FLOPS = 3888660
TRAINABLE PARAMETERS = 63914
accuracy afeter 1 epoch = 98.15%

===============================================================================

04 CNN GAP:

CONVOLUTION	[28 28 1]	[3 3 16]	[28 28 16]	[160 112896]
RELU		[28 28 16]	[28 28 16]	[0 25088]
MAX POOLING	[28 28 16]	[14 14 16]	[0 25088]
CONVOLUTION	[14 14 16]	[3 3 32]	[14 14 32]	[4640 903168]
RELU		[14 14 32]	[14 14 32]	[0 12544]
CONVOLUTION	[14 14 32]	[3 3 32]	[14 14 32]	[9248 1806336]
RELU		[14 14 32]	[14 14 32]	[0 12544]
MAX POOLING	[14 14 32]	[7 7 32]	[0 12544]
CONVOLUTION	[7 7 32]	[3 3 64]	[7 7 64]	[18496 903168]
RELU		[7 7 64]	[7 7 64]	[0 6272]
DROPOUT		[7 7 64]	[7 7 64]	[0 6272]
AVERAGE POOLING	[7 7 64]	[1 1 64]	[0 6272]
FC			[1 1 64]	[1 1 10]	[650 1300]


GFLOPS = 0.003833
FLOPS = 3833492
TRAINABLE PARAMETERS = 33194
accuracy afeter 1 epoch = 96.82%
